[
  [
    0, 316.3, 316.3, 619, 417.8, 417.8, 411.6, 411.6, 1093.1, 250.9, 445, 407.6,
    648, 648, 118.3, 191.6, 191.6, 567.8, 850.4, 850.4, 740.5, 740.5, 456,
    722.7, 726.6, 726.6, 930.8, 1339, 149.4, 242.3, 908.4, 700.3, 447.5, 666.1,
    698.6, 698.6, 790.3, 1094, 1401.5, 211.7, 468.2, 997.4, 251.1, 726.1,
    1162.3, 155.3, 1254.1, 1163.8, 151.6, 2124.3, 733, 488.8, 1071.6, 196,
    714.4, 612, 265.9, 169.8, 1098, 333, 1098.8, 565.8
  ],
  [
    316.3, 0, 0, 431.4, 146, 146, 262.9, 262.9, 988.7, 542.8, 173.2, 168.4,
    376.2, 376.2, 357.9, 483.5, 483.5, 328.6, 687.6, 687.6, 552.9, 552.9, 216.8,
    483.5, 563.8, 563.8, 826.4, 1151.4, 354.8, 534.2, 703.7, 551.7, 280.6,
    427.4, 472.4, 472.4, 564.1, 989.6, 1213.9, 415.2, 196.4, 893, 443.8, 929.2,
    974.7, 347.9, 1066.5, 976.2, 443.5, 1936.7, 580.2, 335.9, 1036.1, 487.9,
    561.5, 554.7, 170.5, 198.1, 935.2, 115.9, 994.4, 769.2
  ],
  [
    316.3, 0, 0, 431.4, 146, 146, 262.9, 262.9, 988.7, 542.8, 173.2, 168.4,
    376.2, 376.2, 357.9, 483.5, 483.5, 328.6, 687.6, 687.6, 552.9, 552.9, 216.8,
    483.5, 563.8, 563.8, 826.4, 1151.4, 354.8, 534.2, 703.7, 551.7, 280.6,
    427.4, 472.4, 472.4, 564.1, 989.6, 1213.9, 415.2, 196.4, 893, 443.8, 929.2,
    974.7, 347.9, 1066.5, 976.2, 443.5, 1936.7, 580.2, 335.9, 1036.1, 487.9,
    561.5, 554.7, 170.5, 198.1, 935.2, 115.9, 994.4, 769.2
  ],
  [
    619, 431.4, 431.4, 0, 510.8, 510.8, 614.4, 614.4, 1269.2, 809, 513, 333.4,
    429.4, 429.4, 621.4, 767.9, 767.9, 272.5, 256.2, 256.2, 208.3, 208.3, 254.5,
    319.6, 132.4, 132.4, 1106.8, 787.2, 682, 818.7, 449.8, 755.3, 498.7, 512.7,
    559.3, 559.3, 698.4, 1270, 871.9, 744.3, 443, 1173.4, 783.8, 1258.7, 571.5,
    687.9, 702.4, 573, 743.8, 1594.7, 158.8, 294.4, 740.5, 772.4, 301.9, 941.6,
    557.5, 493.3, 503.8, 480.7, 1274.8, 1098.4
  ],
  [
    417.8, 146, 146, 510.8, 0, 0, 165.4, 165.4, 913.6, 624.8, 84.6, 237.6,
    287.6, 287.6, 459.5, 565.5, 565.5, 314.4, 767, 767, 540.3, 540.3, 286,
    401.4, 643.2, 643.2, 751.3, 1076.1, 436.8, 616.2, 621.6, 454.1, 157.8,
    338.8, 383.8, 383.8, 475.6, 914.5, 1138.6, 497.1, 107.8, 817.8, 525.7,
    1008.8, 917.9, 429.9, 991.2, 980, 525.4, 1861.4, 659.6, 415.4, 1115.5,
    569.9, 640.9, 587.2, 252.5, 299.7, 1014.6, 99.7, 919.3, 851.2
  ],
  [
    417.8, 146, 146, 510.8, 0, 0, 165.4, 165.4, 913.6, 624.8, 84.6, 237.6,
    287.6, 287.6, 459.5, 565.5, 565.5, 314.4, 767, 767, 540.3, 540.3, 286,
    401.4, 643.2, 643.2, 751.3, 1076.1, 436.8, 616.2, 621.6, 454.1, 157.8,
    338.8, 383.8, 383.8, 475.6, 914.5, 1138.6, 497.1, 107.8, 817.8, 525.7,
    1008.8, 917.9, 429.9, 991.2, 980, 525.4, 1861.4, 659.6, 415.4, 1115.5,
    569.9, 640.9, 587.2, 252.5, 299.7, 1014.6, 99.7, 919.3, 851.2
  ],
  [
    411.6, 262.9, 262.9, 614.4, 165.4, 165.4, 0, 0, 808.3, 603.7, 182.8, 379.7,
    354.4, 354.4, 511.3, 544.4, 544.4, 390.1, 870.3, 870.3, 616.1, 616.1, 396.2,
    477.2, 746.5, 746.5, 645.9, 1151.8, 415.8, 595.2, 643.8, 361.4, 115.7,
    327.3, 359.7, 359.7, 451.4, 809.1, 1237.8, 462.5, 194.2, 712.5, 433.4,
    891.1, 993.6, 408.8, 1066.9, 1055.7, 504.4, 1954, 772.8, 554.4, 1254.5,
    548.8, 780, 475.1, 231.5, 416.6, 1117.9, 179.5, 813.9, 736.3
  ],
  [
    411.6, 262.9, 262.9, 614.4, 165.4, 165.4, 0, 0, 808.3, 603.7, 182.8, 379.7,
    354.4, 354.4, 511.3, 544.4, 544.4, 390.1, 870.3, 870.3, 616.1, 616.1, 396.2,
    477.2, 746.5, 746.5, 645.9, 1151.8, 415.8, 595.2, 643.8, 361.4, 115.7,
    327.3, 359.7, 359.7, 451.4, 809.1, 1237.8, 462.5, 194.2, 712.5, 433.4,
    891.1, 993.6, 408.8, 1066.9, 1055.7, 504.4, 1954, 772.8, 554.4, 1254.5,
    548.8, 780, 475.1, 231.5, 416.6, 1117.9, 179.5, 813.9, 736.3
  ],
  [
    1093.1, 988.7, 988.7, 1269.2, 913.6, 913.6, 808.3, 808.3, 0, 1285.3, 931,
    1112.7, 998.6, 998.6, 1192.9, 1226, 1226, 1044.8, 1525, 1525, 1270.8,
    1270.8, 1051, 1131.9, 1401.2, 1401.2, 698.4, 1823.4, 1017.4, 1276.7, 1284.7,
    978.7, 770.4, 971.4, 989.1, 989.1, 1080.8, 251.6, 1881.9, 970.2, 926.1,
    158.1, 934.8, 1032.3, 1648.3, 961.9, 1738.6, 1710.5, 1186, 2598.2, 1427.6,
    1280.2, 1980.4, 1230.4, 1505.8, 606.9, 827.2, 1142.4, 1772.6, 921.1, 979.6,
    928.8
  ],
  [
    250.9, 542.8, 542.8, 809, 624.8, 624.8, 603.7, 603.7, 1285.3, 0, 651.9,
    617.1, 843.2, 843.2, 194, 112.7, 112.7, 779, 1004.2, 1004.2, 930.5, 930.5,
    665.5, 934, 880.4, 880.4, 1122.9, 1529, 292.3, 101.6, 1098.4, 892.5, 639.7,
    858.3, 890.8, 890.8, 982.5, 1153.6, 1591.5, 341.6, 673.4, 1189.5, 425.5,
    581.5, 1319.6, 347.4, 1444.1, 1321, 122.7, 2314.3, 886.9, 642.7, 1103.2,
    117.1, 868.2, 779.3, 458.1, 351.7, 1223.9, 525.1, 1291, 475.5
  ],
  [
    445, 173.2, 173.2, 513, 84.6, 84.6, 182.8, 182.8, 931, 651.9, 0, 264.7,
    261.9, 261.9, 486.6, 592.6, 592.6, 288.7, 768.9, 768.9, 514.7, 514.7, 294.8,
    375.8, 645.1, 645.1, 768.7, 1050.4, 463.9, 643.3, 595.9, 456.9, 175.2,
    313.1, 358.2, 358.2, 449.9, 931.9, 1112.9, 524.3, 82.2, 835.2, 552.9,
    1027.6, 892.2, 457, 965.5, 954.3, 552.6, 1835.7, 671.4, 442.5, 1142.6, 597,
    668, 604.6, 279.7, 326.8, 1016.5, 126.8, 936.7, 872.8
  ],
  [
    407.6, 168.4, 168.4, 333.4, 237.6, 237.6, 379.7, 379.7, 1112.7, 617.1,
    264.7, 0, 293, 293, 429.5, 576, 576, 192.3, 589.6, 589.6, 417.8, 417.8,
    78.9, 347.3, 465.7, 465.7, 950.3, 1016.3, 470.6, 626.8, 567.4, 617, 359.4,
    376.3, 422.9, 422.9, 562, 1113.5, 1078.8, 532.9, 287.9, 1016.9, 567.7,
    1047.3, 844, 471.8, 931.4, 845.5, 551.9, 1801.6, 492.1, 274.3, 974.5, 580.5,
    499.9, 678.6, 294.5, 289.4, 837.2, 207.4, 1118.3, 886.9
  ],
  [
    648, 376.2, 376.2, 429.4, 287.6, 287.6, 354.4, 354.4, 998.6, 843.2, 261.9,
    293, 0, 0, 689.6, 783.8, 783.8, 205.1, 685.2, 685.2, 404.5, 404.5, 214.1,
    140.8, 561.4, 561.4, 819.9, 893.8, 655.2, 834.6, 361, 325.9, 247.6, 169.9,
    216.4, 216.4, 318.9, 999.4, 952.3, 715.5, 234.2, 888.9, 744.1, 1183.2,
    750.4, 648.2, 808.9, 812.6, 743.8, 1668.6, 587.8, 536.9, 1169.6, 788.3,
    730.9, 760.2, 470.9, 529.8, 898.2, 329.8, 973.9, 1028.4
  ],
  [
    648, 376.2, 376.2, 429.4, 287.6, 287.6, 354.4, 354.4, 998.6, 843.2, 261.9,
    293, 0, 0, 689.6, 783.8, 783.8, 205.1, 685.2, 685.2, 404.5, 404.5, 214.1,
    140.8, 561.4, 561.4, 819.9, 893.8, 655.2, 834.6, 361, 325.9, 247.6, 169.9,
    216.4, 216.4, 318.9, 999.4, 952.3, 715.5, 234.2, 888.9, 744.1, 1183.2,
    750.4, 648.2, 808.9, 812.6, 743.8, 1668.6, 587.8, 536.9, 1169.6, 788.3,
    730.9, 760.2, 470.9, 529.8, 898.2, 329.8, 973.9, 1028.4
  ],
  [
    118.3, 357.9, 357.9, 621.4, 459.5, 459.5, 511.3, 511.3, 1192.9, 194, 486.6,
    429.5, 689.6, 689.6, 0, 153, 153, 591.5, 852.8, 852.8, 743, 743, 478, 746.4,
    729, 729, 1030.5, 1341.4, 199.9, 203.7, 910.9, 800, 547.2, 740.9, 785.9,
    785.9, 877.6, 1193.7, 1403.9, 301.3, 509.9, 1097.1, 350.8, 697.9, 1164.7,
    255, 1256.5, 1166.2, 151.2, 2126.7, 735.5, 491.2, 1022.1, 157.4, 716.8,
    710.9, 365.6, 159.8, 1100.4, 429.4, 1198.5, 591.9
  ],
  [
    191.6, 483.5, 483.5, 767.9, 565.5, 565.5, 544.4, 544.4, 1226, 112.7, 592.6,
    576, 783.8, 783.8, 153, 0, 0, 738, 963.2, 963.2, 889.5, 889.5, 624.5, 892.9,
    839.4, 839.4, 1063.6, 1487.9, 232.9, 50.8, 1057.4, 833.1, 580.3, 799, 831.4,
    831.4, 923.1, 1158.5, 1550.4, 272.3, 614.1, 1130.2, 356.2, 586.5, 1278.5,
    288.1, 1403, 1280, 63.4, 2273.2, 845.8, 601.6, 1062.2, 4.4, 827.1, 709.9,
    398.7, 310.7, 1182.9, 465.8, 1231.6, 480.4
  ],
  [
    191.6, 483.5, 483.5, 767.9, 565.5, 565.5, 544.4, 544.4, 1226, 112.7, 592.6,
    576, 783.8, 783.8, 153, 0, 0, 738, 963.2, 963.2, 889.5, 889.5, 624.5, 892.9,
    839.4, 839.4, 1063.6, 1487.9, 232.9, 50.8, 1057.4, 833.1, 580.3, 799, 831.4,
    831.4, 923.1, 1158.5, 1550.4, 272.3, 614.1, 1130.2, 356.2, 586.5, 1278.5,
    288.1, 1403, 1280, 63.4, 2273.2, 845.8, 601.6, 1062.2, 4.4, 827.1, 709.9,
    398.7, 310.7, 1182.9, 465.8, 1231.6, 480.4
  ],
  [
    567.8, 328.6, 328.6, 272.5, 314.4, 314.4, 390.1, 390.1, 1044.8, 779, 288.7,
    192.3, 205.1, 205.1, 591.5, 738, 738, 0, 528.7, 528.7, 292.8, 292.8, 113.5,
    214.1, 404.9, 404.9, 882.5, 828.6, 630.8, 788.7, 376.4, 531, 274.4, 288.4,
    335, 335, 474.1, 1045.7, 891.1, 693.1, 218.7, 949, 727.9, 1207.5, 670.4,
    632, 743.7, 732.5, 713.9, 1613.9, 431.3, 411.3, 1013.1, 742.4, 574.5, 806.4,
    454.7, 449.7, 776.4, 356.6, 1050.5, 1047.2
  ],
  [
    850.4, 687.6, 687.6, 256.2, 767, 767, 870.3, 870.3, 1525, 1004.2, 768.9,
    589.6, 685.2, 685.2, 852.8, 963.2, 963.2, 528.7, 0, 0, 423.1, 423.1, 510.7,
    548.1, 168.5, 168.5, 1362.6, 665.4, 913.4, 1013.9, 476, 927.3, 754.6, 676.2,
    721.3, 721.3, 823.2, 1525.9, 799.4, 975.7, 698.8, 1429.2, 1015.1, 1490.1,
    449.8, 919.3, 580.6, 403, 962.9, 1532.7, 194.8, 437.1, 663.8, 967.6, 225.2,
    1197.8, 813.7, 724.6, 361.3, 736.9, 1462.1, 1329.7
  ],
  [
    850.4, 687.6, 687.6, 256.2, 767, 767, 870.3, 870.3, 1525, 1004.2, 768.9,
    589.6, 685.2, 685.2, 852.8, 963.2, 963.2, 528.7, 0, 0, 423.1, 423.1, 510.7,
    548.1, 168.5, 168.5, 1362.6, 665.4, 913.4, 1013.9, 476, 927.3, 754.6, 676.2,
    721.3, 721.3, 823.2, 1525.9, 799.4, 975.7, 698.8, 1429.2, 1015.1, 1490.1,
    449.8, 919.3, 580.6, 403, 962.9, 1532.7, 194.8, 437.1, 663.8, 967.6, 225.2,
    1197.8, 813.7, 724.6, 361.3, 736.9, 1462.1, 1329.7
  ],
  [
    740.5, 552.9, 552.9, 208.3, 540.3, 540.3, 616.1, 616.1, 1270.8, 930.5,
    514.7, 417.8, 404.5, 404.5, 743, 889.5, 889.5, 292.8, 423.1, 423.1, 0, 0,
    339, 263.6, 312, 312, 1108.4, 644.9, 803.5, 940.2, 363.2, 710.8, 500.4,
    458.6, 505.1, 505.1, 644.2, 1271.7, 707.4, 865.9, 444.6, 1175, 905.3,
    1380.2, 486.7, 809.4, 560, 548.8, 865.4, 1430.2, 338.4, 474, 920.1, 893.9,
    481.5, 1032.4, 679, 614.8, 633.9, 582.5, 1276.4, 1219.9
  ],
  [
    740.5, 552.9, 552.9, 208.3, 540.3, 540.3, 616.1, 616.1, 1270.8, 930.5,
    514.7, 417.8, 404.5, 404.5, 743, 889.5, 889.5, 292.8, 423.1, 423.1, 0, 0,
    339, 263.6, 312, 312, 1108.4, 644.9, 803.5, 940.2, 363.2, 710.8, 500.4,
    458.6, 505.1, 505.1, 644.2, 1271.7, 707.4, 865.9, 444.6, 1175, 905.3,
    1380.2, 486.7, 809.4, 560, 548.8, 865.4, 1430.2, 338.4, 474, 920.1, 893.9,
    481.5, 1032.4, 679, 614.8, 633.9, 582.5, 1276.4, 1219.9
  ],
  [
    456, 216.8, 216.8, 254.5, 286, 286, 396.2, 396.2, 1051, 665.5, 294.8, 78.9,
    214.1, 214.1, 478, 624.5, 624.5, 113.5, 510.7, 510.7, 339, 339, 0, 268.4,
    386.9, 386.9, 888.6, 937.4, 519, 675.2, 488.5, 538.1, 280.6, 297.5, 344,
    344, 483.1, 1051.8, 999.9, 581.3, 224.8, 955.2, 616.1, 1095.7, 765.1, 520.3,
    852.6, 766.6, 600.4, 1722.7, 413.3, 322.8, 995, 628.9, 548.3, 727, 342.9,
    337.9, 758.3, 255.9, 1056.6, 935.4
  ],
  [
    722.7, 483.5, 483.5, 319.6, 401.4, 401.4, 477.2, 477.2, 1131.9, 934, 375.8,
    347.3, 140.8, 140.8, 746.4, 892.9, 892.9, 214.1, 548.1, 548.1, 263.6, 263.6,
    268.4, 0, 428.3, 428.3, 960.8, 754.5, 769, 943.6, 223.6, 466.7, 361.5,
    224.2, 270.7, 270.7, 409.8, 1132.8, 813, 829.4, 305.7, 1029.8, 858, 1316.6,
    611.2, 762.1, 669.7, 673.3, 857.7, 1529.3, 454.7, 484.6, 1036.4, 897.3,
    597.8, 893.5, 584.8, 604.6, 758.9, 443.7, 1064.8, 1161.8
  ],
  [
    726.6, 563.8, 563.8, 132.4, 643.2, 643.2, 746.5, 746.5, 1401.2, 880.4,
    645.1, 465.7, 561.4, 561.4, 729, 839.4, 839.4, 404.9, 168.5, 168.5, 312,
    312, 386.9, 428.3, 0, 0, 1238.8, 806.1, 789.6, 890.1, 557.9, 875.4, 630.8,
    623.2, 669.8, 669.8, 808.9, 1402, 940, 851.9, 575, 1305.4, 891.3, 1366.3,
    590.4, 795.4, 721.2, 546.3, 839.1, 1673.3, 53.6, 313.3, 629.6, 843.8, 191,
    1074, 689.9, 600.8, 416.1, 613.1, 1406.8, 1205.9
  ],
  [
    726.6, 563.8, 563.8, 132.4, 643.2, 643.2, 746.5, 746.5, 1401.2, 880.4,
    645.1, 465.7, 561.4, 561.4, 729, 839.4, 839.4, 404.9, 168.5, 168.5, 312,
    312, 386.9, 428.3, 0, 0, 1238.8, 806.1, 789.6, 890.1, 557.9, 875.4, 630.8,
    623.2, 669.8, 669.8, 808.9, 1402, 940, 851.9, 575, 1305.4, 891.3, 1366.3,
    590.4, 795.4, 721.2, 546.3, 839.1, 1673.3, 53.6, 313.3, 629.6, 843.8, 191,
    1074, 689.9, 600.8, 416.1, 613.1, 1406.8, 1205.9
  ],
  [
    930.8, 826.4, 826.4, 1106.8, 751.3, 751.3, 645.9, 645.9, 698.4, 1122.9,
    768.7, 950.3, 819.9, 819.9, 1030.5, 1063.6, 1063.6, 882.5, 1362.6, 1362.6,
    1108.4, 1108.4, 888.6, 960.8, 1238.8, 1238.8, 0, 1638.6, 855.1, 1114.4,
    1094.9, 789, 608, 792.7, 799.3, 799.3, 783.4, 699.2, 1668.9, 830.6, 763.7,
    577.6, 795.5, 931.6, 1495.2, 799.6, 1553.7, 1557.4, 1023.6, 2362.7, 1265.2,
    1117.9, 1818, 1068, 1343.4, 480, 664.9, 980, 1610.2, 758.7, 547.2, 792.2
  ],
  [
    1339, 1151.4, 1151.4, 787.2, 1076.1, 1076.1, 1151.8, 1151.8, 1823.4, 1529,
    1050.4, 1016.3, 893.8, 893.8, 1341.4, 1487.9, 1487.9, 828.6, 665.4, 665.4,
    644.9, 644.9, 937.4, 754.5, 806.1, 806.1, 1638.6, 0, 1402, 1538.6, 613.5,
    1122.7, 1036.1, 882.6, 913.3, 913.3, 900, 1824.3, 328.3, 1464.3, 980.4,
    1707.6, 1503.7, 1978.7, 225.7, 1407.8, 84.8, 289, 1463.8, 1213.2, 832.4,
    968.1, 1235.9, 1492.3, 825.4, 1585, 1277.5, 1213.2, 522.8, 1118.3, 1538.9,
    1818.3
  ],
  [
    149.4, 354.8, 354.8, 682, 436.8, 436.8, 415.8, 415.8, 1017.4, 292.3, 463.9,
    470.6, 655.2, 655.2, 199.9, 232.9, 232.9, 630.8, 913.4, 913.4, 803.5, 803.5,
    519, 769, 789.6, 789.6, 855.1, 1402, 0, 283.7, 971.4, 704.5, 451.7, 670.3,
    702.8, 702.8, 794.5, 1018.3, 1464.5, 101.4, 485.5, 921.7, 151, 620.8,
    1225.3, 55.5, 1317.1, 1226.8, 192.9, 2187.3, 796, 551.8, 1153.2, 237.4,
    777.4, 511, 270.1, 232.8, 1161, 337.2, 1023.1, 460.4
  ],
  [
    242.3, 534.2, 534.2, 818.7, 616.2, 616.2, 595.2, 595.2, 1276.7, 101.6,
    643.3, 626.8, 834.6, 834.6, 203.7, 50.8, 50.8, 788.7, 1013.9, 1013.9, 940.2,
    940.2, 675.2, 943.6, 890.1, 890.1, 1114.4, 1538.6, 283.7, 0, 1108.1, 883.9,
    631.1, 849.7, 882.2, 882.2, 973.9, 1107.8, 1601.2, 322.4, 664.9, 1180.9,
    406.3, 535.7, 1329.2, 338.8, 1453.8, 1330.7, 114.1, 2324, 896.6, 652.3,
    1093, 46.3, 877.9, 760, 449.5, 361.4, 1233.6, 516.6, 1282.4, 429.7
  ],
  [
    908.4, 703.7, 703.7, 449.8, 621.6, 621.6, 643.8, 643.8, 1284.7, 1098.4,
    595.9, 567.4, 361, 361, 910.9, 1057.4, 1057.4, 376.4, 476, 476, 363.2,
    363.2, 488.5, 223.6, 557.9, 557.9, 1094.9, 613.5, 971.4, 1108.1, 0, 577.2,
    581.6, 347.2, 367.8, 367.8, 376.3, 1285.5, 670.4, 1033.8, 525.9, 1163.9,
    1066.5, 1472.6, 510.5, 977.3, 528.6, 572.7, 1033.3, 1385.3, 584.3, 646.9,
    1073.6, 1061.8, 636, 1049.6, 802.6, 782.7, 674.7, 663.8, 1015.2, 1317.8
  ],
  [
    700.3, 551.7, 551.7, 755.3, 454.1, 454.1, 361.4, 361.4, 978.7, 892.5, 456.9,
    617, 325.9, 325.9, 800, 833.1, 833.1, 531, 927.3, 927.3, 710.8, 710.8,
    538.1, 466.7, 875.4, 875.4, 789, 1122.7, 704.5, 883.9, 577.2, 0, 310.9,
    284.5, 275.4, 275.4, 366.4, 979.6, 1180.5, 764.8, 429.1, 858, 784.1, 1167.7,
    980.3, 697.5, 1037.9, 1042.5, 793.1, 1895.4, 901.8, 840.5, 1483.6, 837.6,
    1045, 744.7, 520.2, 705.3, 1137.1, 468.3, 865.6, 1012.9
  ],
  [
    447.5, 280.6, 280.6, 498.7, 157.8, 157.8, 115.7, 115.7, 770.4, 639.7, 175.2,
    359.4, 247.6, 247.6, 547.2, 580.3, 580.3, 274.4, 754.6, 754.6, 500.4, 500.4,
    280.6, 361.5, 630.8, 630.8, 608, 1036.1, 451.7, 631.1, 581.6, 310.9, 0,
    276.7, 309.2, 309.2, 400.9, 771.3, 1098.6, 512, 155.7, 674.6, 538.4, 955.1,
    877.9, 444.7, 951.3, 940, 540.3, 1821.4, 657.2, 549.9, 1238.9, 584.8, 775.5,
    532, 267.4, 434.2, 1002.2, 215.5, 776.1, 800.3
  ],
  [
    666.1, 427.4, 427.4, 512.7, 338.8, 338.8, 327.3, 327.3, 971.4, 858.3, 313.1,
    376.3, 169.9, 169.9, 740.9, 799, 799, 288.4, 676.2, 676.2, 458.6, 458.6,
    297.5, 224.2, 623.2, 623.2, 792.7, 882.6, 670.3, 849.7, 347.2, 284.5, 276.7,
    0, 116.3, 116.3, 255.4, 972.2, 941.2, 730.6, 285.4, 861.7, 750, 1156.1,
    739.3, 663.4, 797.8, 801.4, 758.9, 1657.4, 649.6, 620.3, 1231.4, 803.4,
    792.8, 733, 486, 581, 887, 381, 910.4, 1001.2
  ],
  [
    698.6, 472.4, 472.4, 559.3, 383.8, 383.8, 359.7, 359.7, 989.1, 890.8, 358.2,
    422.9, 216.4, 216.4, 785.9, 831.4, 831.4, 335, 721.3, 721.3, 505.1, 505.1,
    344, 270.7, 669.8, 669.8, 799.3, 913.3, 702.8, 882.2, 367.8, 275.4, 309.2,
    116.3, 0, 0, 154.1, 989.9, 971.1, 763.1, 330.4, 868.3, 782.4, 1178.1, 770.9,
    695.8, 828.5, 833.1, 791.4, 1686, 696.1, 666.8, 1277.9, 835.9, 839.3, 755,
    518.5, 626.1, 931.1, 426, 809.1, 1023.3
  ],
  [
    698.6, 472.4, 472.4, 559.3, 383.8, 383.8, 359.7, 359.7, 989.1, 890.8, 358.2,
    422.9, 216.4, 216.4, 785.9, 831.4, 831.4, 335, 721.3, 721.3, 505.1, 505.1,
    344, 270.7, 669.8, 669.8, 799.3, 913.3, 702.8, 882.2, 367.8, 275.4, 309.2,
    116.3, 0, 0, 154.1, 989.9, 971.1, 763.1, 330.4, 868.3, 782.4, 1178.1, 770.9,
    695.8, 828.5, 833.1, 791.4, 1686, 696.1, 666.8, 1277.9, 835.9, 839.3, 755,
    518.5, 626.1, 931.1, 426, 809.1, 1023.3
  ],
  [
    790.3, 564.1, 564.1, 698.4, 475.6, 475.6, 451.4, 451.4, 1080.8, 982.5,
    449.9, 562, 318.9, 318.9, 877.6, 923.1, 923.1, 474.1, 823.2, 823.2, 644.2,
    644.2, 483.1, 409.8, 808.9, 808.9, 783.4, 900, 794.5, 973.9, 376.3, 366.4,
    400.9, 255.4, 154.1, 154.1, 0, 1081.6, 950.1, 854.8, 422.1, 960, 874.1,
    1269.8, 822.6, 787.5, 815.2, 915.3, 883.1, 1664.4, 835.2, 805.9, 1416.2,
    927.6, 978.4, 846.7, 610.2, 717.8, 1017.3, 517.8, 655, 1115
  ],
  [
    1094, 989.6, 989.6, 1270, 914.5, 914.5, 809.1, 809.1, 251.6, 1153.6, 931.9,
    1113.5, 999.4, 999.4, 1193.7, 1158.5, 1158.5, 1045.7, 1525.9, 1525.9,
    1271.7, 1271.7, 1051.8, 1132.8, 1402, 1402, 699.2, 1824.3, 1018.3, 1107.8,
    1285.5, 979.6, 771.3, 972.2, 989.9, 989.9, 1081.6, 0, 1882.8, 971.1, 927,
    161.1, 935.7, 789.3, 1649.2, 962.8, 1739.4, 1711.3, 1174.7, 2599, 1428.4,
    1281.1, 1981.2, 1154.1, 1506.6, 607.7, 828.1, 1143.3, 1773.5, 922, 980.5,
    877.6
  ],
  [
    1401.5, 1213.9, 1213.9, 871.9, 1138.6, 1138.6, 1237.8, 1237.8, 1881.9,
    1591.5, 1112.9, 1078.8, 952.3, 952.3, 1403.9, 1550.4, 1550.4, 891.1, 799.4,
    799.4, 707.4, 707.4, 999.9, 813, 940, 940, 1668.9, 328.3, 1464.5, 1601.2,
    670.4, 1180.5, 1098.6, 941.2, 971.1, 971.1, 950.1, 1882.8, 0, 1526.8,
    1042.9, 1766.1, 1566.2, 2041.2, 393.6, 1470.4, 359, 472.4, 1526.3, 918.2,
    966.4, 1102.1, 1391.9, 1554.8, 959.4, 1643.5, 1340, 1275.8, 743.8, 1180.8,
    1323.7, 1880.8
  ],
  [
    211.7, 415.2, 415.2, 744.3, 497.1, 497.1, 462.5, 462.5, 970.2, 341.6, 524.3,
    532.9, 715.5, 715.5, 301.3, 272.3, 272.3, 693.1, 975.7, 975.7, 865.9, 865.9,
    581.3, 829.4, 851.9, 851.9, 830.6, 1464.3, 101.4, 322.4, 1033.8, 764.8, 512,
    730.6, 763.1, 763.1, 854.8, 971.1, 1526.8, 0, 545.8, 878.4, 83.9, 553.7,
    1287.6, 115.5, 1379.4, 1289.1, 275.4, 2249.6, 858.4, 614.1, 1240.7, 276.7,
    839.7, 443.9, 281.2, 295.1, 1223.3, 397.5, 998.6, 393.3
  ],
  [
    468.2, 196.4, 196.4, 443, 107.8, 107.8, 194.2, 194.2, 926.1, 673.4, 82.2,
    287.9, 234.2, 234.2, 509.9, 614.1, 614.1, 218.7, 698.8, 698.8, 444.6, 444.6,
    224.8, 305.7, 575, 575, 763.7, 980.4, 485.5, 664.9, 525.9, 429.1, 155.7,
    285.4, 330.4, 330.4, 422.1, 927, 1042.9, 545.8, 0, 830.3, 574.4, 1039.1,
    822.2, 478.5, 895.5, 884.3, 574.1, 1765.7, 601.4, 465.8, 1165.9, 618.6,
    691.3, 616, 301.2, 350.1, 946.5, 150, 931.8, 884.3
  ],
  [
    997.4, 893, 893, 1173.4, 817.8, 817.8, 712.5, 712.5, 158.1, 1189.5, 835.2,
    1016.9, 888.9, 888.9, 1097.1, 1130.2, 1130.2, 949, 1429.2, 1429.2, 1175,
    1175, 955.2, 1029.8, 1305.4, 1305.4, 577.6, 1707.6, 921.7, 1180.9, 1163.9,
    858, 674.6, 861.7, 868.3, 868.3, 960, 161.1, 1766.1, 878.4, 830.3, 0, 843,
    950.4, 1564.2, 866.2, 1622.7, 1626.4, 1090.2, 2482.1, 1331.8, 1184.4,
    1884.6, 1134.6, 1410, 515.1, 731.5, 1046.6, 1676.8, 825.3, 843.1, 837
  ],
  [
    251.1, 443.8, 443.8, 783.8, 525.7, 525.7, 433.4, 433.4, 934.8, 425.5, 552.9,
    567.7, 744.1, 744.1, 350.8, 356.2, 356.2, 727.9, 1015.1, 1015.1, 905.3,
    905.3, 616.1, 858, 891.3, 891.3, 795.5, 1503.7, 151, 406.3, 1066.5, 784.1,
    538.4, 750, 782.4, 782.4, 874.1, 935.7, 1566.2, 83.9, 574.4, 843, 0, 532.5,
    1327.1, 144.1, 1418.9, 1328.6, 343.9, 2289, 897.8, 653.6, 1280.1, 360.6,
    879.1, 408.5, 309.8, 334.5, 1262.8, 426.1, 969.2, 374.4
  ],
  [
    726.1, 929.2, 929.2, 1258.7, 1008.8, 1008.8, 891.1, 891.1, 1032.3, 581.5,
    1027.6, 1047.3, 1183.2, 1183.2, 697.9, 586.5, 586.5, 1207.5, 1490.1, 1490.1,
    1380.2, 1380.2, 1095.7, 1316.6, 1366.3, 1366.3, 931.6, 1978.7, 620.8, 535.7,
    1472.6, 1167.7, 955.1, 1156.1, 1178.1, 1178.1, 1269.8, 789.3, 2041.2, 553.7,
    1039.1, 950.4, 532.5, 0, 1802, 629.5, 1893.8, 1803.5, 602.7, 2764, 1372.7,
    1128.5, 1573, 582, 1354.1, 532.2, 795.3, 809.5, 1729.3, 909.1, 1212.9, 305.5
  ],
  [
    1162.3, 974.7, 974.7, 571.5, 917.9, 917.9, 993.6, 993.6, 1648.3, 1319.6,
    892.2, 844, 750.4, 750.4, 1164.7, 1278.5, 1278.5, 670.4, 449.8, 449.8,
    486.7, 486.7, 765.1, 611.2, 590.4, 590.4, 1495.2, 225.7, 1225.3, 1329.2,
    510.5, 980.3, 877.9, 739.3, 770.9, 770.9, 822.6, 1649.2, 393.6, 1287.6,
    822.2, 1564.2, 1327.1, 1802, 0, 1231.2, 140.9, 157.7, 1278.2, 1209.1, 616.8,
    752.4, 1040, 1282.9, 609.7, 1409.9, 1100.8, 1036.6, 429.1, 960.1, 1461.5,
    1641.7
  ],
  [
    155.3, 347.9, 347.9, 687.9, 429.9, 429.9, 408.8, 408.8, 961.9, 347.4, 457,
    471.8, 648.2, 648.2, 255, 288.1, 288.1, 632, 919.3, 919.3, 809.4, 809.4,
    520.3, 762.1, 795.4, 795.4, 799.6, 1407.8, 55.5, 338.8, 977.3, 697.5, 444.7,
    663.4, 695.8, 695.8, 787.5, 962.8, 1470.4, 115.5, 478.5, 866.2, 144.1,
    629.5, 1231.2, 0, 1323, 1232.7, 248.1, 2193.2, 801.9, 557.7, 1184.2, 292.5,
    783.2, 505.6, 250.2, 238.7, 1166.9, 330.2, 967.6, 469.5
  ],
  [
    1254.1, 1066.5, 1066.5, 702.4, 991.2, 991.2, 1066.9, 1066.9, 1738.6, 1444.1,
    965.5, 931.4, 808.9, 808.9, 1256.5, 1403, 1403, 743.7, 580.6, 580.6, 560,
    560, 852.6, 669.7, 721.2, 721.2, 1553.7, 84.8, 1317.1, 1453.8, 528.6,
    1037.9, 951.3, 797.8, 828.5, 828.5, 815.2, 1739.4, 359, 1379.4, 895.5,
    1622.7, 1418.9, 1893.8, 140.9, 1323, 0, 204.2, 1378.9, 1181.1, 747.6, 883.3,
    1165.7, 1407.5, 740.6, 1500.2, 1192.6, 1128.4, 476.3, 1033.4, 1454.1, 1733.5
  ],
  [
    1163.8, 976.2, 976.2, 573, 980, 980, 1055.7, 1055.7, 1710.5, 1321, 954.3,
    845.5, 812.6, 812.6, 1166.2, 1280, 1280, 732.5, 403, 403, 548.8, 548.8,
    766.6, 673.3, 546.3, 546.3, 1557.4, 289, 1226.8, 1330.7, 572.7, 1042.5, 940,
    801.4, 833.1, 833.1, 915.3, 1711.3, 472.4, 1289.1, 884.3, 1626.4, 1328.6,
    1803.5, 157.7, 1232.7, 204.2, 0, 1279.7, 1294.6, 571.4, 753.9, 975.1,
    1284.4, 554.7, 1486.4, 1102.3, 1038.1, 285.8, 1020.8, 1554.2, 1643.2
  ],
  [
    151.6, 443.5, 443.5, 743.8, 525.4, 525.4, 504.4, 504.4, 1186, 122.7, 552.6,
    551.9, 743.8, 743.8, 151.2, 63.4, 63.4, 713.9, 962.9, 962.9, 865.4, 865.4,
    600.4, 857.7, 839.1, 839.1, 1023.6, 1463.8, 192.9, 114.1, 1033.3, 793.1,
    540.3, 758.9, 791.4, 791.4, 883.1, 1174.7, 1526.3, 275.4, 574.1, 1090.2,
    343.9, 602.7, 1278.2, 248.1, 1378.9, 1279.7, 0, 2249.1, 845.6, 601.3,
    1061.9, 67.8, 826.9, 704, 358.7, 282.2, 1182.6, 425.8, 1191.6, 496.6
  ],
  [
    2124.3, 1936.7, 1936.7, 1594.7, 1861.4, 1861.4, 1954, 1954, 2598.2, 2314.3,
    1835.7, 1801.6, 1668.6, 1668.6, 2126.7, 2273.2, 2273.2, 1613.9, 1532.7,
    1532.7, 1430.2, 1430.2, 1722.7, 1529.3, 1673.3, 1673.3, 2362.7, 1213.2,
    2187.3, 2324, 1385.3, 1895.4, 1821.4, 1657.4, 1686, 1686, 1664.4, 2599,
    918.2, 2249.6, 1765.7, 2482.1, 2289, 2764, 1209.1, 2193.2, 1181.1, 1294.6,
    2249.1, 0, 1699.7, 1835.4, 2104.6, 2277.7, 1692.7, 2359.8, 2062.8, 1998.6,
    1565.9, 1903.6, 2017.5, 2603.6
  ],
  [
    733, 580.2, 580.2, 158.8, 659.6, 659.6, 772.8, 772.8, 1427.6, 886.9, 671.4,
    492.1, 587.8, 587.8, 735.5, 845.8, 845.8, 431.3, 194.8, 194.8, 338.4, 338.4,
    413.3, 454.7, 53.6, 53.6, 1265.2, 832.4, 796, 896.6, 584.3, 901.8, 657.2,
    649.6, 696.1, 696.1, 835.2, 1428.4, 966.4, 858.4, 601.4, 1331.8, 897.8,
    1372.7, 616.8, 801.9, 747.6, 571.4, 845.6, 1699.7, 0, 319.8, 587.4, 850.3,
    148.8, 1090.4, 706.3, 607.3, 431.9, 629.5, 1433.2, 1212.4
  ],
  [
    488.8, 335.9, 335.9, 294.4, 415.4, 415.4, 554.4, 554.4, 1280.2, 642.7,
    442.5, 274.3, 536.9, 536.9, 491.2, 601.6, 601.6, 411.3, 437.1, 437.1, 474,
    474, 322.8, 484.6, 313.3, 313.3, 1117.9, 968.1, 551.8, 652.3, 646.9, 840.5,
    549.9, 620.3, 666.8, 666.8, 805.9, 1281.1, 1102.1, 614.1, 465.8, 1184.4,
    653.6, 1128.5, 752.4, 557.7, 883.3, 753.9, 601.3, 1835.4, 319.8, 0, 775.7,
    606, 301.1, 846.1, 462, 363.1, 684.7, 385.2, 1285.9, 968.2
  ],
  [
    1071.6, 1036.1, 1036.1, 740.5, 1115.5, 1115.5, 1254.5, 1254.5, 1980.4,
    1103.2, 1142.6, 974.5, 1169.6, 1169.6, 1022.1, 1062.2, 1062.2, 1013.1,
    663.8, 663.8, 920.1, 920.1, 995, 1036.4, 629.6, 629.6, 1818, 1235.9, 1153.2,
    1093, 1073.6, 1483.6, 1238.9, 1231.4, 1277.9, 1277.9, 1416.2, 1981.2,
    1391.9, 1240.7, 1165.9, 1884.6, 1280.1, 1573, 1040, 1184.2, 1165.7, 975.1,
    1061.9, 2104.6, 587.4, 775.7, 0, 1066.6, 511.5, 1546.3, 1162.2, 945.6,
    817.6, 1085.4, 1986, 1467
  ],
  [
    196, 487.9, 487.9, 772.4, 569.9, 569.9, 548.8, 548.8, 1230.4, 117.1, 597,
    580.5, 788.3, 788.3, 157.4, 4.4, 4.4, 742.4, 967.6, 967.6, 893.9, 893.9,
    628.9, 897.3, 843.8, 843.8, 1068, 1492.3, 237.4, 46.3, 1061.8, 837.6, 584.8,
    803.4, 835.9, 835.9, 927.6, 1154.1, 1554.8, 276.7, 618.6, 1134.6, 360.6,
    582, 1282.9, 292.5, 1407.5, 1284.4, 67.8, 2277.7, 850.3, 606, 1066.6, 0,
    831.6, 714.4, 403.2, 315.1, 1187.3, 470.2, 1236.1, 476
  ],
  [
    714.4, 561.5, 561.5, 301.9, 640.9, 640.9, 780, 780, 1505.8, 868.2, 668,
    499.9, 730.9, 730.9, 716.8, 827.1, 827.1, 574.5, 225.2, 225.2, 481.5, 481.5,
    548.3, 597.8, 191, 191, 1343.4, 825.4, 777.4, 877.9, 636, 1045, 775.5,
    792.8, 839.3, 839.3, 978.4, 1506.6, 959.4, 839.7, 691.3, 1410, 879.1,
    1354.1, 609.7, 783.2, 740.6, 554.7, 826.9, 1692.7, 148.8, 301.1, 511.5,
    831.6, 0, 1071.7, 687.6, 588.6, 415.1, 610.8, 1511.4, 1193.7
  ],
  [
    612, 554.7, 554.7, 941.6, 587.2, 587.2, 475.1, 475.1, 606.9, 779.3, 604.6,
    678.6, 760.2, 760.2, 710.9, 709.9, 709.9, 806.4, 1197.8, 1197.8, 1032.4,
    1032.4, 727, 893.5, 1074, 1074, 480, 1585, 511, 760, 1049.6, 744.7, 532,
    733, 755, 755, 846.7, 607.7, 1643.5, 443.9, 616, 515.1, 408.5, 532.2,
    1409.9, 505.6, 1500.2, 1486.4, 704, 2359.8, 1090.4, 846.1, 1546.3, 714.4,
    1071.7, 0, 392.5, 695.4, 1445.4, 493.1, 761.3, 402.5
  ],
  [
    265.9, 170.5, 170.5, 557.5, 252.5, 252.5, 231.5, 231.5, 827.2, 458.1, 279.7,
    294.5, 470.9, 470.9, 365.6, 398.7, 398.7, 454.7, 813.7, 813.7, 679, 679,
    342.9, 584.8, 689.9, 689.9, 664.9, 1277.5, 270.1, 449.5, 802.6, 520.2,
    267.4, 486, 518.5, 518.5, 610.2, 828.1, 1340, 281.2, 301.2, 731.5, 309.8,
    795.3, 1100.8, 250.2, 1192.6, 1102.3, 358.7, 2062.8, 706.3, 462, 1162.2,
    403.2, 687.6, 392.5, 0, 324.2, 1061.3, 152.9, 832.9, 635.3
  ],
  [
    169.8, 198.1, 198.1, 493.3, 299.7, 299.7, 416.6, 416.6, 1142.4, 351.7,
    326.8, 289.4, 529.8, 529.8, 159.8, 310.7, 310.7, 449.7, 724.6, 724.6, 614.8,
    614.8, 337.9, 604.6, 600.8, 600.8, 980, 1213.2, 232.8, 361.4, 782.7, 705.3,
    434.2, 581, 626.1, 626.1, 717.8, 1143.3, 1275.8, 295.1, 350.1, 1046.6,
    334.5, 809.5, 1036.6, 238.7, 1128.4, 1038.1, 282.2, 1998.6, 607.3, 363.1,
    945.6, 315.1, 588.6, 695.4, 324.2, 0, 972.3, 269.6, 1148.1, 649.1
  ],
  [
    1098, 935.2, 935.2, 503.8, 1014.6, 1014.6, 1117.9, 1117.9, 1772.6, 1223.9,
    1016.5, 837.2, 898.2, 898.2, 1100.4, 1182.9, 1182.9, 776.4, 361.3, 361.3,
    633.9, 633.9, 758.3, 758.9, 416.1, 416.1, 1610.2, 522.8, 1161, 1233.6,
    674.7, 1137.1, 1002.2, 887, 931.1, 931.1, 1017.3, 1773.5, 743.8, 1223.3,
    946.5, 1676.8, 1262.8, 1729.3, 429.1, 1166.9, 476.3, 285.8, 1182.6, 1565.9,
    431.9, 684.7, 817.6, 1187.3, 415.1, 1445.4, 1061.3, 972.3, 0, 984.5, 1656.2,
    1577.4
  ],
  [
    333, 115.9, 115.9, 480.7, 99.7, 99.7, 179.5, 179.5, 921.1, 525.1, 126.8,
    207.4, 329.8, 329.8, 429.4, 465.8, 465.8, 356.6, 736.9, 736.9, 582.5, 582.5,
    255.9, 443.7, 613.1, 613.1, 758.7, 1118.3, 337.2, 516.6, 663.8, 468.3,
    215.5, 381, 426, 426, 517.8, 922, 1180.8, 397.5, 150, 825.3, 426.1, 909.1,
    960.1, 330.2, 1033.4, 1020.8, 425.8, 1903.6, 629.5, 385.2, 1085.4, 470.2,
    610.8, 493.1, 152.9, 269.6, 984.5, 0, 926.8, 751.5
  ],
  [
    1098.8, 994.4, 994.4, 1274.8, 919.3, 919.3, 813.9, 813.9, 979.6, 1291,
    936.7, 1118.3, 973.9, 973.9, 1198.5, 1231.6, 1231.6, 1050.5, 1462.1, 1462.1,
    1276.4, 1276.4, 1056.6, 1064.8, 1406.8, 1406.8, 547.2, 1538.9, 1023.1,
    1282.4, 1015.2, 865.6, 776.1, 910.4, 809.1, 809.1, 655, 980.5, 1323.7,
    998.6, 931.8, 843.1, 969.2, 1212.9, 1461.5, 967.6, 1454.1, 1554.2, 1191.6,
    2017.5, 1433.2, 1285.9, 1986, 1236.1, 1511.4, 761.3, 832.9, 1148.1, 1656.2,
    926.8, 0, 1072.2
  ],
  [
    565.8, 769.2, 769.2, 1098.4, 851.2, 851.2, 736.3, 736.3, 928.8, 475.5,
    872.8, 886.9, 1028.4, 1028.4, 591.9, 480.4, 480.4, 1047.2, 1329.7, 1329.7,
    1219.9, 1219.9, 935.4, 1161.8, 1205.9, 1205.9, 792.2, 1818.3, 460.4, 429.7,
    1317.8, 1012.9, 800.3, 1001.2, 1023.3, 1023.3, 1115, 877.6, 1880.8, 393.3,
    884.3, 837, 374.4, 305.5, 1641.7, 469.5, 1733.5, 1643.2, 496.6, 2603.6,
    1212.4, 968.2, 1467, 476, 1193.7, 402.5, 635.3, 649.1, 1577.4, 751.5,
    1072.2, 0
  ]
]
